 Dimension       Time    Gflop/s       GB/s        Error
       128   0.317370   6.303953 100.863252 0.000000e+00
       256   0.362417   5.555114  88.881823 0.000000e+00
       384   0.377018   5.406729  86.507667 0.000000e+00
       512   0.449578   4.776669  76.426706 0.000000e+00
       640   0.364007   5.761294  92.180701 0.000000e+00
       768   0.515552   5.271844  84.349500 0.000000e+00
       896   0.503070   5.719463  91.511404 0.000000e+00
      1024   0.448597   4.787107  76.593712 0.000000e+00
      1152   0.523102   5.845219  93.523500 0.000000e+00
      1280   0.766707   5.470542  87.528665 0.000000e+00
      1408   0.957855   5.828253  93.252041 0.000000e+00
      1536   1.517664   4.775600  76.409595 0.000000e+00
      1664   1.564800   5.888857  94.221714 0.000000e+00
      1792   2.092225   5.500925  88.014800 0.000000e+00
      1920   2.379853   5.948174  95.170777 0.000000e+00
