 Dimension       Time    Gflop/s       GB/s        Error
        64   0.268318   7.454425 119.270793 0.000000e+00
       128   0.318471   6.282147 100.514353 0.000000e+00
       192   0.288480   6.967979 111.487671 0.000000e+00
       256   0.316770   6.355603 101.689651 0.000000e+00
       320   0.290493   6.993675 111.898807 0.000000e+00
       384   0.318122   6.407699 102.523191 0.000000e+00
       448   0.311190   6.934579 110.953260 0.000000e+00
       512   0.418544   5.130838  82.093413 0.000000e+00
       576   0.344359   6.659427 106.550832 0.000000e+00
       640   0.338870   6.188655  99.018483 0.000000e+00
       704   0.303899   6.888734 110.219745 0.000000e+00
       768   0.433265   6.273089 100.369418 0.000000e+00
       832   0.337712   6.821556 109.144892 0.000000e+00
       896   0.452468   6.359114 101.745819 0.000000e+00
       960   0.514856   6.873658 109.978524 0.000000e+00
      1024   0.456785   4.701302  75.220837 0.000000e+00
      1088   0.376040   6.849879 109.598062 0.000000e+00
      1152   0.478905   6.384661 102.154570 0.000000e+00
      1216   0.520877   6.903913 110.462610 0.000000e+00
      1280   0.655936   6.394382 102.310115 0.000000e+00
      1344   0.701038   6.926064 110.817031 0.000000e+00
      1408   0.871277   6.407396 102.518333 0.000000e+00
      1472   0.918805   6.942724 111.083592 0.000000e+00
      1536   1.237631   5.856155  93.698484 0.000000e+00
      1600   1.212480   6.756402 108.102431 0.000000e+00
      1664   1.482207   6.217002  99.472031 0.000000e+00
      1728   1.550504   6.655616 106.489852 0.000000e+00
      1792   1.859015   6.191003  99.056049 0.000000e+00
      1856   1.933412   6.613625 105.818007 0.000000e+00
      1920   2.307696   6.134161  98.146575 0.000000e+00
      1984   2.368463   6.594598 105.513571 0.000000e+00
