 Dimension       Time    Gflop/s       GB/s        Error
        32   0.304018   6.578647 105.258353 0.000000e+00
        64   0.305818   6.540355 104.645680 0.000000e+00
        96   0.306917   6.520557 104.328908 0.000000e+00
       128   0.314141   6.368739 101.899821 0.000000e+00
       160   0.305404   6.571761 105.148180 0.000000e+00
       192   0.305925   6.570623 105.129969 0.000000e+00
       224   0.304862   6.562378 104.998052 0.000000e+00
       256   0.378664   5.316755  85.068077 0.000000e+00
       288   0.316032   6.349291 101.588654 0.000000e+00
       320   0.315498   6.439397 103.030352 0.000000e+00
       352   0.309757   6.476872 103.629945 0.000000e+00
       384   0.379064   5.377541  86.040657 0.000000e+00
       416   0.313269   6.434576 102.953210 0.000000e+00
       448   0.345063   6.253849 100.061586 0.000000e+00
       480   0.344527   6.419925 102.718805 0.000000e+00
       512   0.416331   5.158113  82.529811 0.000000e+00
       544   0.347178   6.491903 103.870450 0.000000e+00
       576   0.363824   6.303146 100.850332 0.000000e+00
       608   0.348576   6.447826 103.165217 0.000000e+00
       640   0.379655   5.523831  88.381292 0.000000e+00
       672   0.377479   6.431390 102.902247 0.000000e+00
       704   0.325962   6.422468 102.759483 0.000000e+00
       736   0.373047   6.412406 102.598488 0.000000e+00
       768   0.511009   5.318712  85.099385 0.000000e+00
       800   0.319440   6.411227 102.579625 0.000000e+00
       832   0.359625   6.405891 102.494249 0.000000e+00
       864   0.403455   6.394490 102.311841 0.000000e+00
       896   0.491493   5.854191  93.667049 0.000000e+00
       928   0.502720   6.358841 101.741459 0.000000e+00
       960   0.554528   6.381900 102.110405 0.000000e+00
       992   0.613176   6.368099 101.889583 0.000000e+00
      1024   0.459604   4.672463  74.759405 0.000000e+00
      1056   0.370664   6.353906 101.662499 0.000000e+00
      1088   0.404517   6.367653 101.882454 0.000000e+00
      1120   0.442287   6.353009 101.648146 0.000000e+00
      1152   0.522534   5.851573  93.625168 0.000000e+00
      1184   0.521941   6.360093 101.761483 0.000000e+00
      1216   0.564195   6.373842 101.981480 0.000000e+00
      1248   0.610503   6.367746 101.883934 0.000000e+00
      1280   0.787705   5.324713  85.195414 0.000000e+00
      1312   0.709258   6.368354 101.893663 0.000000e+00
      1344   0.764841   6.348289 101.572625 0.000000e+00
      1376   0.826105   6.307398 100.918374 0.000000e+00
      1408   0.950835   5.871280  93.940488 0.000000e+00
      1440   0.938798   6.361293 101.780684 0.000000e+00
      1472   1.002086   6.365734 101.851748 0.000000e+00
      1504   1.070691   6.354910 101.678556 0.000000e+00
      1536   1.404042   5.162065  82.593047 0.000000e+00
      1568   1.221855   6.310280 100.964488 0.000000e+00
      1600   1.307281   6.266442 100.263072 0.000000e+00
      1632   1.452097   5.986802  95.788837 0.000000e+00
      1664   1.577775   5.840430  93.446877 0.000000e+00
      1696   1.667486   5.851207  93.619311 0.000000e+00
      1728   1.816332   5.681537  90.904597 0.000000e+00
      1760   1.918687   5.682821  90.925136 0.000000e+00
      1792   2.219776   5.184835  82.957359 0.000000e+00
      1824   2.164765   5.606525  89.704397 0.000000e+00
      1856   2.322235   5.506272  88.100355 0.000000e+00
      1888   2.418350   5.565661  89.050579 0.000000e+00
      1920   2.508808   5.642432  90.278910 0.000000e+00
      1952   2.671277   5.568658  89.098526 0.000000e+00
      1984   2.858426   5.464219  87.427501 0.000000e+00
