 Dimension       Time    Gflop/s       GB/s        Error
        16   0.387745   5.158034  82.528545 0.000000e+00
        64   0.389191   5.139278  82.228454 0.000000e+00
       112   0.391450   5.110787  81.772591 0.000000e+00
       160   0.395432   5.075568  81.209085 0.000000e+00
       208   0.399257   5.048771  80.780332 0.000000e+00
       256   0.488454   4.121714  65.947424 0.000000e+00
       304   0.401442   5.038843  80.621491 0.000000e+00
       352   0.399514   5.021738  80.347802 0.000000e+00
       400   0.407582   5.024758  80.396120 0.000000e+00
       448   0.436938   4.938849  79.021583 0.000000e+00
       496   0.436885   5.027482  80.439708 0.000000e+00
       544   0.446006   5.053404  80.854462 0.000000e+00
       592   0.410735   5.051303  80.820854 0.000000e+00
       640   0.438217   4.785646  76.570332 0.000000e+00
       688   0.517101   5.038250  80.612006 0.000000e+00
       736   0.476958   5.015386  80.246183 0.000000e+00
       784   0.571348   5.060559  80.968946 0.000000e+00
       832   0.464910   4.955193  79.283096 0.000000e+00
       880   0.542360   5.025974  80.415583 0.000000e+00
       928   0.639410   4.999478  79.991652 0.000000e+00
       976   0.739330   5.030037  80.480588 0.000000e+00
      1024   0.580565   3.698955  59.183284 0.000000e+00
      1072   0.492795   4.999751  79.996016 0.000000e+00
      1120   0.563927   4.982661  79.722569 0.000000e+00
      1168   0.638963   4.987496  79.799932 0.000000e+00
      1216   0.729236   4.931311  78.900978 0.000000e+00
      1264   0.813731   4.963525  79.416406 0.000000e+00
      1312   0.909470   4.966415  79.462647 0.000000e+00
      1360   1.021463   4.925200  78.803207 0.000000e+00
      1408   1.157685   4.822225  77.155600 0.000000e+00
      1456   1.230886   5.015293  80.244693 0.000000e+00
      1504   1.368928   4.970417  79.526670 0.000000e+00
      1552   1.482939   5.041755  80.668082 0.000000e+00
      1600   1.648303   4.969959  79.519350 0.000000e+00
      1648   1.833340   4.882683  78.122929 0.000000e+00
      1696   2.081467   4.687465  74.999440 0.000000e+00
      1744   2.136729   4.965008  79.440129 0.000000e+00
      1792   2.911532   3.952960  63.247358 0.000000e+00
      1840   2.810947   4.432317  70.917072 0.000000e+00
      1888   3.078047   4.372810  69.964968 0.000000e+00
      1936   3.008515   4.823851  77.181608 0.000000e+00
      1984   3.239602   4.821290  77.140646 0.000000e+00
